      0     10     87      8             1 1 1
    168                          94      0 0 1
    171                         109      0 0 2
 172.67                         102      0 0 1
 175.67                          99      0 0 2
    216                          93      0 0 1
    360                          52      0 0 2
 361.17                          60      0 0 1
 363.17                          64      0 0 2
 365.42                          56      0 0 1
    368                          50      0 0 2
    384                          51      0 0 1
    432                          46      0 0 2
    504                          44      0 0 1
 505.08                          48      0 0 2
 507.08                          55      0 0 1
 509.75                          48      0 0 2
    552                          43      0 0 1
    600                          48      0 0 2
    696                          59      0 0 1
    697                          65      0 0 2
    699                          75      0 0 1
    701                          70      0 0 2
    704                          64      0 0 1
