      0 120000 120000                           1 1 1
   0.25                                174      0 0 1
    0.5                                370      0 0 2
      1                                636      0 0 1
   1.25                                616      0 0 2
    1.5                                582      0 0 1
      3                                518      0 0 2
      5                                491      0 0 1
      7                                481      0 0 2
   7.75                                452      0 0 1
      8  40000  80000      8      8             1 1 2
    8.5                                670      0 0 2
  15.75                                405      0 0 1
   16.5                                640      0 0 2
  23.99                                370      0 0 1
   24.5                                590      0 0 2
  31.75                                327      0 0 1
   32.5                                550      0 0 2
  39.75                                265      0 0 1
   40.5                                500      0 0 2
  47.99                                217      0 0 1
   48.5                                461      0 0 2
  55.75                                238      0 0 1
   56.5                                460      0 0 2
  63.75                                226      0 0 1
   64.5                                426      0 0 2
     72                                191      0 0 1
  72.25                                320      0 0 2
   72.5                                442      0 0 1
  72.75                                392      0 0 2
     73                                373      0 0 1
   73.5                                368      0 0 2
   74.5                                333      0 0 1
   76.5                                302      0 0 2
   78.5                                232      0 0 1
   80.5                                199      0 0 2
   84.5                                134      0 0 1
   90.5                                 82      0 0 2
     96                               61.4      0 0 1
